10,202
10,30
10,298
10,156
8,14
8,5
8,10
8,12
8,11
8,2
8,3
49,3
49,1
48,3
48,2
48,1
47,5
47,3
47,1
27,3
27,1
21,3
21,2
21,1
21,0
20,3
20,2
20,1
19,3
19,2
19,1
12,3
12,2
12,1
11,29
11,28
11,26
11,25
11,24
11,22
11,20
11,19
11,18
11,17
11,16
11,14
18,1
11,13
18,3
11,12
11,10
11,8
14,1
11,7
14,3
11,6
11,3
13,1
11,2
13,3
11,1
10,294
10,288
10,287
10,284
10,276
10,271
10,264
10,242
10,230
10,228
10,221
10,214
10,212
10,208
10,196
10,192
10,189
10,181
10,170
10,166
10,165
10,152
10,150
10,140
10,136
10,134
10,116
10,100
10,92
10,86
10,81
10,80
10,78
10,76
10,74
10,32
10,22
10,5
10,3
10,2
10,1
9,7
9,6
9,5
